 15  63  63  63 127  71  71 155 191 211 199 143  63  63  63  19
 63  86  47 242 127  44   0 207  87 222 213 143 255  47  73  79
 63  47   0 239 127   5  95 129  71   0 139 143 255   0  31  79
 63 242 239 254 127 240 105  44 251 239  29 143 255 239 241  79
127 127 127 127 191 135  95 207 191  79  31 199 127 127 127 127
  3  15  89 254 135  15  95  57 239  79  31 120 255   6  31  90
 63 125   0  89 175   5  35 107 159  79  31 165  95  41 171 255
167 177 237 207 127 194   0 255  63  47 229 207  47 117  31 255
159  11 111  11 127 179 119  63 159  63  63 191  63 143 175  63
151  79 225 250 167   0   0  79  79 255 255 175  79 111 233 145
231 255 243 253  31  13 223 213  31 101  59   0  31 139  59 233
143 143 143 143 199 113 143 255 171  44  17 206 255  80  97  98
 63 255 255 255 127 255 255   0 191   0   0 255 255   0 223 175
 63  47   0 239 127 104   0 143 227  34 139   0 143  62  97  76
 63  73  31 241 127  15  95  73 231  79 255 255 255   0 199 185
 19  79  79  79 127   4  29 255 195  24 233 255 255 175   9  79
 15  63  63  63 127  71  71 155 191 211 199 143  63  63  63  19
 63  86  47 242 127  44   0 207  87 222 213 143 255  47  73  79
 63  47   0 239 127   5  95 129  71   0 139 143 255   0  31  79
 63 242 239 254 127 240 105  44 251 239  29 143 255 239 241  79
127 127 127 127 191 135  95 207 191  79  31 199 127 127 127 127
  3  15  89 254 135  15  95  57 239  79  31 120 255   6  31  90
 63 125   0  89 175   5  35 107 159  79  31 165  95  41 171 255
167 177 237 207 127 194   0 255  63  47 229 207  47 117  31 255
159  11 111  11 127 179 119  63 159  63  63 191  63 143 175  63
151  79 225 250 167   0   0  79  79 255 255 175  79 111 233 145
231 255 243 253  31  13 223 213  31 101  59   0  31 139  59 233
143 143 143 143 199 113 143 255 171  44  17 206 255  80  97  98
 63 255 255 255 127 255 255   0 191   0   0 255 255   0 223 175
 63  47   0 239 127 104   0 143 227  34 139   0 143  62  97  76
 63  73  31 241 127  15  95  73 231  79 255 255 255   0 199 185
 19  79  79  79 127   4  29 255 195  24 233 255 255 175   9  79
 15  63  63  63 127  71  71 155 191 211 199 143  63  63  63  19
 63  86  47 242 127  44   0 207  87 222 213 143 255  47  73  79
 63  47   0 239 127   5  95 129  71   0 139 143 255   0  31  79
 63 242 239 254 127 240 105  44 251 239  29 143 255 239 241  79
127 127 127 127 191 135  95 207 191  79  31 199 127 127 127 127
  3  15  89 254 135  15  95  57 239  79  31 120 255   6  31  90
 63 125   0  89 175   5  35 107 159  79  31 165  95  41 171 255
167 177 237 207 127 194   0 255  63  47 229 207  47 117  31 255
159  11 111  11 127 179 119  63 159  63  63 191  63 143 175  63
151  79 225 250 167   0   0  79  79 255 255 175  79 111 233 145
231 255 243 253  31  13 223 213  31 101  59   0  31 139  59 233
143 143 143 143 199 113 143 255 171  44  17 206 255  80  97  98
 63 255 255 255 127 255 255   0 191   0   0 255 255   0 223 175
 63  47   0 239 127 104   0 143 227  34 139   0 143  62  97  76
 63  73  31 241 127  15  95  73 231  79 255 255 255   0 199 185
 19  79  79  79 127   4  29 255 195  24 233 255 255 175   9  79

 20  72  72  72 135  89 255 255  56 145 238  97 183  74 194  72
 72  73  40 248 135  40 181  40 177 229  60 101 215  87 188  11
 72  40   0 247 135  10  36 114 151 104 147  80   5  62   0 183
 72 248 247 255 135 248  88  60  54  93  24 247 239 147 247 253
135 135 135 135 199 132 166 199 199 167   0 199 247   0 255 255
190 219 137  23  24  24  24 236  56 255  46  13   1 147 255 238
208 229   0 247  88  88  88  56  56 255 103  47   3  36  88  25
199  78  81 253 199 231 167  56 168  88  24 162 199 232 224 199
143 215 118  54 199  69 105 255  56  88 204 255   0 151  87 255
 63   0 104  93  88  88  30   0 131   0 231 135 247   0  88  25
 82  36  10 248 147  24   8 181 181   0  22 121 254  94  24   7
135 135 135 135 199 147 177 123 123 177  24 199 135 135 135 135
 72 248 247 255 135 254  85 199   6 252 254 135 255 247 248  72
 72  40   0 247 135  94   0 232 114 219 245 135 247   0  40  72
 72  73  40 248 135  24 114 177   9  88 255 135 248  40  73  72
 20  72  72  72 135   7  72 159 159 145 238 135  72  72  72  20
 20  72  72  72 135  89 255 255  56 145 238  97 183  74 194  72
 72  73  40 248 135  40 181  40 177 229  60 101 215  87 188  11
 72  40   0 247 135  10  36 114 151 104 147  80   5  62   0 183
 72 248 247 255 135 248  88  60  54  93  24 247 239 147 247 253
135 135 135 135 199 132 166 199 199 167   0 199 247   0 255 255
190 219 137  23  24  24  24 236  56 255  46  13   1 147 255 238
208 229   0 247  88  88  88  56  56 255 103  47   3  36  88  25
199  78  81 253 199 231 167  56 168  88  24 162 199 232 224 199
143 215 118  54 199  69 105 255  56  88 204 255   0 151  87 255
 63   0 104  93  88  88  30   0 131   0 231 135 247   0  88  25
 82  36  10 248 147  24   8 181 181   0  22 121 254  94  24   7
135 135 135 135 199 147 177 123 123 177  24 199 135 135 135 135
 72 248 247 255 135 254  85 199   6 252 254 135 255 247 248  72
 72  40   0 247 135  94   0 232 114 219 245 135 247   0  40  72
 72  73  40 248 135  24 114 177   9  88 255 135 248  40  73  72
 20  72  72  72 135   7  72 159 159 145 238 135  72  72  72  20
 20  72  72  72 135  89 255 255  56 145 238  97 183  74 194  72
 72  73  40 248 135  40 181  40 177 229  60 101 215  87 188  11
 72  40   0 247 135  10  36 114 151 104 147  80   5  62   0 183
 72 248 247 255 135 248  88  60  54  93  24 247 239 147 247 253
135 135 135 135 199 132 166 199 199 167   0 199 247   0 255 255
190 219 137  23  24  24  24 236  56 255  46  13   1 147 255 238
208 229   0 247  88  88  88  56  56 255 103  47   3  36  88  25
199  78  81 253 199 231 167  56 168  88  24 162 199 232 224 199
143 215 118  54 199  69 105 255  56  88 204 255   0 151  87 255
 63   0 104  93  88  88  30   0 131   0 231 135 247   0  88  25
 82  36  10 248 147  24   8 181 181   0  22 121 254  94  24   7
135 135 135 135 199 147 177 123 123 177  24 199 135 135 135 135
 72 248 247 255 135 254  85 199   6 252 254 135 255 247 248  72
 72  40   0 247 135  94   0 232 114 219 245 135 247   0  40  72
 72  73  40 248 135  24 114 177   9  88 255 135 248  40  73  72
 20  72  72  72 135   7  72 159 159 145 238 135  72  72  72  20

 79   9 175 255 255 233  24 195 255  29   4 127  79  79  79  19
185 199   0 255 255 255  79 231  73  95  15 127 241  31  73  63
 76  97  62 143   0 139  34 227 143   0 104 127 239   0  47  63
175 223   0 255 255   0   0 191   0 255 255 127 255 255 255  63
 98  97  80 255 206  17  44 171 255 143 113 199 143 143 143 143
233  59 139  31   0  59 101  31 213 223  13  31 253 243 255 231
145 233 111  79 175 255 255  79  79   0   0 167 250 225  79 151
 63 175 143  63 191  63  63 159  63 119 179 127  11 111  11 159
255  31 117  47 207 229  47  63 255   0 194 127 207 237 177 167
255 171  41  95 165  31  79 159 107  35   5 175  89   0 125  63
 90  31   6 255 120  31  79 239  57  95  15 135 254  89  15   3
127 127 127 127 199  31  79 191 207  95 135 191 127 127 127 127
 79 241 239 255 143  29 239 251  44 105 240 127 254 239 242  63
 79  31   0 255 143 139   0  71 129  95   5 127 239   0  47  63
 79  73  47 255 143 213 222  87 207   0  44 127 242  47  86  63
 19  63  63  63 143 199 211 191 155  71  71 127  63  63  63  15
 79   9 175 255 255 233  24 195 255  29   4 127  79  79  79  19
185 199   0 255 255 255  79 231  73  95  15 127 241  31  73  63
 76  97  62 143   0 139  34 227 143   0 104 127 239   0  47  63
175 223   0 255 255   0   0 191   0 255 255 127 255 255 255  63
 98  97  80 255 206  17  44 171 255 143 113 199 143 143 143 143
233  59 139  31   0  59 101  31 213 223  13  31 253 243 255 231
145 233 111  79 175 255 255  79  79   0   0 167 250 225  79 151
 63 175 143  63 191  63  63 159  63 119 179 127  11 111  11 159
255  31 117  47 207 229  47  63 255   0 194 127 207 237 177 167
255 171  41  95 165  31  79 159 107  35   5 175  89   0 125  63
 90  31   6 255 120  31  79 239  57  95  15 135 254  89  15   3
127 127 127 127 199  31  79 191 207  95 135 191 127 127 127 127
 79 241 239 255 143  29 239 251  44 105 240 127 254 239 242  63
 79  31   0 255 143 139   0  71 129  95   5 127 239   0  47  63
 79  73  47 255 143 213 222  87 207   0  44 127 242  47  86  63
 19  63  63  63 143 199 211 191 155  71  71 127  63  63  63  15
 79   9 175 255 255 233  24 195 255  29   4 127  79  79  79  19
185 199   0 255 255 255  79 231  73  95  15 127 241  31  73  63
 76  97  62 143   0 139  34 227 143   0 104 127 239   0  47  63
175 223   0 255 255   0   0 191   0 255 255 127 255 255 255  63
 98  97  80 255 206  17  44 171 255 143 113 199 143 143 143 143
233  59 139  31   0  59 101  31 213 223  13  31 253 243 255 231
145 233 111  79 175 255 255  79  79   0   0 167 250 225  79 151
 63 175 143  63 191  63  63 159  63 119 179 127  11 111  11 159
255  31 117  47 207 229  47  63 255   0 194 127 207 237 177 167
255 171  41  95 165  31  79 159 107  35   5 175  89   0 125  63
 90  31   6 255 120  31  79 239  57  95  15 135 254  89  15   3
127 127 127 127 199  31  79 191 207  95 135 191 127 127 127 127
 79 241 239 255 143  29 239 251  44 105 240 127 254 239 242  63
 79  31   0 255 143 139   0  71 129  95   5 127 239   0  47  63
 79  73  47 255 143 213 222  87 207   0  44 127 242  47  86  63
 19  63  63  63 143 199 211 191 155  71  71 127  63  63  63  15

 20  72  72  72 135 238 145 159 159  72   7 135  72  72  72  20
 72  73  40 248 135 255  88   9 177 114  24 135 248  40  73  72
 72  40   0 247 135 245 219 114 232   0  94 135 247   0  40  72
 72 248 247 255 135 254 252   6 199  85 254 135 255 247 248  72
135 135 135 135 199  24 177 123 123 177 147 199 135 135 135 135
  7  24  94 254 121  22   0 181 181   8  24 147 248  10  36  82
 25  88   0 247 135 231   0 131   0  30  88  88  93 104   0  63
255  87 151   0 255 204  88  56 255 105  69 199  54 118 215 143
199 224 232 199 162  24  88 168  56 167 231 199 253  81  78 199
 25  88  36   3  47 103 255  56  56  88  88  88 247   0 229 208
238 255 147   1  13  46 255  56 236  24  24  24  23 137 219 190
255 255   0 247 199   0 167 199 199 166 132 199 135 135 135 135
253 247 147 239 247  24  93  54  60  88 248 135 255 247 248  72
183   0  62   5  80 147 104 151 114  36  10 135 247   0  40  72
 11 188  87 215 101  60 229 177  40 181  40 135 248  40  73  72
 72 194  74 183  97 238 145  56 255 255  89 135  72  72  72  20
 20  72  72  72 135 238 145 159 159  72   7 135  72  72  72  20
 72  73  40 248 135 255  88   9 177 114  24 135 248  40  73  72
 72  40   0 247 135 245 219 114 232   0  94 135 247   0  40  72
 72 248 247 255 135 254 252   6 199  85 254 135 255 247 248  72
135 135 135 135 199  24 177 123 123 177 147 199 135 135 135 135
  7  24  94 254 121  22   0 181 181   8  24 147 248  10  36  82
 25  88   0 247 135 231   0 131   0  30  88  88  93 104   0  63
255  87 151   0 255 204  88  56 255 105  69 199  54 118 215 143
199 224 232 199 162  24  88 168  56 167 231 199 253  81  78 199
 25  88  36   3  47 103 255  56  56  88  88  88 247   0 229 208
238 255 147   1  13  46 255  56 236  24  24  24  23 137 219 190
255 255   0 247 199   0 167 199 199 166 132 199 135 135 135 135
253 247 147 239 247  24  93  54  60  88 248 135 255 247 248  72
183   0  62   5  80 147 104 151 114  36  10 135 247   0  40  72
 11 188  87 215 101  60 229 177  40 181  40 135 248  40  73  72
 72 194  74 183  97 238 145  56 255 255  89 135  72  72  72  20
 20  72  72  72 135 238 145 159 159  72   7 135  72  72  72  20
 72  73  40 248 135 255  88   9 177 114  24 135 248  40  73  72
 72  40   0 247 135 245 219 114 232   0  94 135 247   0  40  72
 72 248 247 255 135 254 252   6 199  85 254 135 255 247 248  72
135 135 135 135 199  24 177 123 123 177 147 199 135 135 135 135
  7  24  94 254 121  22   0 181 181   8  24 147 248  10  36  82
 25  88   0 247 135 231   0 131   0  30  88  88  93 104   0  63
255  87 151   0 255 204  88  56 255 105  69 199  54 118 215 143
199 224 232 199 162  24  88 168  56 167 231 199 253  81  78 199
 25  88  36   3  47 103 255  56  56  88  88  88 247   0 229 208
238 255 147   1  13  46 255  56 236  24  24  24  23 137 219 190
255 255   0 247 199   0 167 199 199 166 132 199 135 135 135 135
253 247 147 239 247  24  93  54  60  88 248 135 255 247 248  72
183   0  62   5  80 147 104 151 114  36  10 135 247   0  40  72
 11 188  87 215 101  60 229 177  40 181  40 135 248  40  73  72
 72 194  74 183  97 238 145  56 255 255  89 135  72  72  72  20
